00000000000000000000000000000000000000000000000999
00000000000000000000000000000000000000000000000999
00000000000000000000000000000000000000000000000999
00000000000000000000000000000000000000000000000999
00000000000000000000000000000000000000000000000999
00000000000000000000000000000000000000000000000999
00000000000000000000000000000000000000000000000999
00000000000000000000000000000000000000000000000999
00000000000000000000000000000000000000000000000999
00000000000000000000000000000000000000000000000999
00000000000000000000000000000000000000000000000999
00000000000000000000000000000000000000000000000999
00000000000000000000000000000000000000000000000999
00000000000000000000000000000000000000000000000999
00000000000000000000000000000000000000000000000999
00000000000000000000000000000000000000000000000999
00000000000000000000000000000000000000000000000999
00000000000000000000000000000000000000000000000999
00000000000000000000000000000000000000000000000999
00000000000000000000000000000000000000000000000999
